21
3305198408
3974991194
1327766150
443331317
147966761
49367606
16465756
5490463
1830438
610173
203391
67797
22599
7533
2511
837
279
117
31
21
3305198408
3974991194
1327766150
443331317
147966761
49367606
16465756
5490463
1830438
610173
203391
67797
22599
7533
2511
837
279
117
31
21
3305198408
3974991194
1327766150
443331317
147966761
49367606
16465756
5490463
1830438
610173
203391
67797
22599
7533
2511
837
279
117
31
21
3305198408
3974991194
1327766150
443331317
147966761
49367606
16465756
5490463
1830438
610173
203391
67797
22599
7533
2511
837
279
117
31
21
3305198408
3974991194
1327766150
443331317
147966761
49367606
16465756
5490463
1830438
610173
203391
67797
22599
7533
2511
837
279
117
31
21
3305198408
3974991194
1327766150
443331317
147966761
49367606
16465756
5490463
1830438
610173
203391
67797
22599
7533
2511
837
279
117
31
21
3305198408
3974991194
1327766150
443331317
147966761
49367606
16465756
5490463
1830438
610173
203391
67797
22599
7533
2511
837
279
117
31
21
3305198408
3974991194
1327766150
443331317
147966761
49367606
16465756
5490463
1830438
610173
203391
67797
22599
7533
2511
837
279
117
31
21
3305198408
3974991194
1327766150
443331317
147966761
49367606
16465756
5490463
1830438
610173
203391
67797
22599
7533
2511
837
279
117
31
21
3305198408
3974991194
1327766150
443331317
147966761
49367606
16465756
5490463
1830438
610173
203391
67797
22599
7533
2511
837
279
117
31
21
3305198408
3974991194
1327766150
443331317
147966761
49367606
16465756
5490463
1830438
610173
203391
67797
22599
7533
2511
837
279
117
31
21
3305198408
3974991194
1327766150
443331317
147966761
49367606
16465756
5490463
1830438
610173
203391
67797
22599
7533
2511
837
279
117
31
21
3305198408
3974991194
1327766150
443331317
147966761
49367606
16465756
5490463
1830438
610173
203391
67797
22599
7533
2511
837
279
117
31
21
3305198408
3974991194
1327766150
443331317
147966761
49367606
16465756
5490463
1830438
610173
203391
67797
22599
7533
2511
837
279
117
31
21
3305198408
3974991194
1327766150
443331317
147966761
49367606
16465756
5490463
1830438
610173
203391
67797
22599
7533
2511
837
279
117
31
21
3305198408
3974991194
1327766150
443331317
147966761
49367606
16465756
5490463
1830438
610173
203391
67797
22599
7533
2511
837
279
117
31
21
3305198408
3974991194
1327766150
443331317
147966761
49367606
16465756
5490463
1830438
610173
203391
67797
22599
7533
2511
837
279
117
31
21
3305198408
3974991194
1327766150
443331317
147966761
49367606
16465756
5490463
1830438
610173
203391
67797
22599
7533
2511
837
279
117
31
21
3305198408
3974991194
1327766150
443331317
147966761
49367606
16465756
5490463
1830438
610173
203391
67797
22599
7533
2511
837
279
117
31
21
3305198408
3974991194
1327766150
443331317
147966761
49367606
16465756
5490463
1830438
610173
203391
67797
22599
7533
2511
837
279
117
31
